{
 "cells": [
  {
   "cell_type": "code",
   "execution_count": 9,
   "id": "faa2186e",
   "metadata": {},
   "outputs": [],
   "source": [
    "import numpy as np\n",
    "import pandas as pd\n",
    "import gym\n",
    "from gym import spaces\n",
    "import torch\n",
    "import torch.nn as nn\n",
    "import torch.optim as optim\n",
    "import torch.nn.functional as F\n",
    "from scipy.cluster.hierarchy import linkage, fcluster\n",
    "import yfinance as yf\n",
    "import time\n",
    "import glob\n",
    "import os\n",
    "import matplotlib.pyplot as plt\n",
    "from statsmodels.tsa.regime_switching.markov_regression import MarkovRegression"
   ]
  },
  {
   "cell_type": "code",
   "execution_count": 56,
   "id": "533fc38f",
   "metadata": {},
   "outputs": [
    {
     "name": "stderr",
     "output_type": "stream",
     "text": [
      "[23476:MainThread](2025-03-06 12:19:37,881) INFO - qlib.Initialization - [config.py:420] - default_conf: client.\n",
      "[23476:MainThread](2025-03-06 12:19:37,888) INFO - qlib.Initialization - [__init__.py:74] - qlib successfully initialized based on client settings.\n",
      "[23476:MainThread](2025-03-06 12:19:37,890) INFO - qlib.Initialization - [__init__.py:76] - data_path={'__DEFAULT_FREQ': WindowsPath('C:/Users/ns99a/.qlib/qlib_data/us_data')}\n"
     ]
    },
    {
     "name": "stdout",
     "output_type": "stream",
     "text": [
      "Total NASDAQ-100 stocks: 283\n",
      "First 10 NASDAQ-100 stocks: ['ATVI', 'ADBE', 'AMD', 'ALXN', 'ALGN', 'GOOGL', 'GOOG', 'AMZN', 'AMGN', 'ADI']\n",
      "                          $open     $high      $low    $close      $volume  \\\n",
      "instrument datetime                                                          \n",
      "AAPL       2010-01-04  8.303659  8.345288  8.262809  8.326224  453228352.0   \n",
      "           2010-01-05  8.349177  8.387694  8.296655  8.340618  552529920.0   \n",
      "           2010-01-06  8.340620  8.373691  8.199392  8.207952  506865600.0   \n",
      "           2010-01-07  8.238297  8.248025  8.133252  8.192778  437991520.0   \n",
      "           2010-01-08  8.181883  8.248023  8.133640  8.247245  410892800.0   \n",
      "\n",
      "                       $adj_close  \n",
      "instrument datetime                \n",
      "AAPL       2010-01-04         NaN  \n",
      "           2010-01-05         NaN  \n",
      "           2010-01-06         NaN  \n",
      "           2010-01-07         NaN  \n",
      "           2010-01-08         NaN  \n"
     ]
    }
   ],
   "source": [
    "import qlib\n",
    "from qlib.data import D\n",
    "from qlib.constant import REG_US\n",
    "\n",
    "# Set up Qlib data directory and initialize it\n",
    "qlib_data_path = os.path.expanduser(\"C:/Users/ns99a/.qlib/qlib_data/us_data\")\n",
    "\n",
    "# Initialize Qlib\n",
    "qlib.init(provider_uri=qlib_data_path, region=REG_US)\n",
    "\n",
    "# Fetch instruments from NASDAQ-100\n",
    "nasdaq100_config = D.instruments(market=\"nasdaq100\")\n",
    "\n",
    "# Extract the list of stock symbols\n",
    "nasdaq100_stocks = D.list_instruments(instruments=nasdaq100_config, as_list=True)\n",
    "\n",
    "print(f\"Total NASDAQ-100 stocks: {len(nasdaq100_stocks)}\")\n",
    "print(\"First 10 NASDAQ-100 stocks:\", nasdaq100_stocks[:10])\n",
    "\n",
    "# Fetch data for a specific stock\n",
    "stock_symbol = \"AAPL\"\n",
    "fields = [\"$open\", \"$high\", \"$low\", \"$close\", \"$volume\", \"$adj_close\"]\n",
    "data = D.features([stock_symbol], fields, start_time=\"2010-01-01\", end_time=\"2026-12-21\", freq=\"day\")\n",
    "\n",
    "print(data.head())"
   ]
  },
  {
   "cell_type": "code",
   "execution_count": 41,
   "id": "453df277",
   "metadata": {},
   "outputs": [
    {
     "name": "stdout",
     "output_type": "stream",
     "text": [
      "Saved AAPL data to ./data/stocks/datasets/dj30/raw/AAPL.csv\n"
     ]
    }
   ],
   "source": [
    "import pandas as pd\n",
    "\n",
    "csv_directory = f\"./data/stocks/datasets/dj30/raw/\"\n",
    "\n",
    "if not os.path.exists(csv_directory):\n",
    "    os.makedirs(csv_directory)\n",
    "\n",
    "# Save the extracted data into a CSV file\n",
    "csv_filename = f\"./data/stocks/datasets/dj30/raw/{stock_symbol}.csv\"\n",
    "data.to_csv(csv_filename)\n",
    "print(f\"Saved {stock_symbol} data to {csv_filename}\")"
   ]
  },
  {
   "cell_type": "code",
   "execution_count": 51,
   "id": "46929e33",
   "metadata": {},
   "outputs": [
    {
     "name": "stdout",
     "output_type": "stream",
     "text": [
      "Saved ATVI data to ./data/stocks/datasets/dj30/raw/ATVI.csv\n",
      "Saved ADBE data to ./data/stocks/datasets/dj30/raw/ADBE.csv\n",
      "Saved AMD data to ./data/stocks/datasets/dj30/raw/AMD.csv\n",
      "Saved ALXN data to ./data/stocks/datasets/dj30/raw/ALXN.csv\n",
      "Saved ALGN data to ./data/stocks/datasets/dj30/raw/ALGN.csv\n",
      "Saved GOOGL data to ./data/stocks/datasets/dj30/raw/GOOGL.csv\n",
      "Saved GOOG data to ./data/stocks/datasets/dj30/raw/GOOG.csv\n",
      "Saved AMZN data to ./data/stocks/datasets/dj30/raw/AMZN.csv\n",
      "Saved AMGN data to ./data/stocks/datasets/dj30/raw/AMGN.csv\n",
      "Saved ADI data to ./data/stocks/datasets/dj30/raw/ADI.csv\n",
      "Saved ANSS data to ./data/stocks/datasets/dj30/raw/ANSS.csv\n",
      "Saved AAPL data to ./data/stocks/datasets/dj30/raw/AAPL.csv\n",
      "Saved AMAT data to ./data/stocks/datasets/dj30/raw/AMAT.csv\n",
      "Saved ASML data to ./data/stocks/datasets/dj30/raw/ASML.csv\n",
      "Saved ADSK data to ./data/stocks/datasets/dj30/raw/ADSK.csv\n",
      "Saved ADP data to ./data/stocks/datasets/dj30/raw/ADP.csv\n",
      "Saved BIDU data to ./data/stocks/datasets/dj30/raw/BIDU.csv\n",
      "Saved BIIB data to ./data/stocks/datasets/dj30/raw/BIIB.csv\n",
      "Saved BMRN data to ./data/stocks/datasets/dj30/raw/BMRN.csv\n",
      "Saved BKNG data to ./data/stocks/datasets/dj30/raw/BKNG.csv\n",
      "Saved AVGO data to ./data/stocks/datasets/dj30/raw/AVGO.csv\n",
      "Saved CDNS data to ./data/stocks/datasets/dj30/raw/CDNS.csv\n",
      "Saved CDW data to ./data/stocks/datasets/dj30/raw/CDW.csv\n",
      "Saved CERN data to ./data/stocks/datasets/dj30/raw/CERN.csv\n",
      "Saved CHTR data to ./data/stocks/datasets/dj30/raw/CHTR.csv\n",
      "Saved CHKP data to ./data/stocks/datasets/dj30/raw/CHKP.csv\n",
      "Saved CTAS data to ./data/stocks/datasets/dj30/raw/CTAS.csv\n",
      "Saved CSCO data to ./data/stocks/datasets/dj30/raw/CSCO.csv\n",
      "Saved CTXS data to ./data/stocks/datasets/dj30/raw/CTXS.csv\n",
      "Saved CTSH data to ./data/stocks/datasets/dj30/raw/CTSH.csv\n",
      "Saved CMCSA data to ./data/stocks/datasets/dj30/raw/CMCSA.csv\n",
      "Saved CPRT data to ./data/stocks/datasets/dj30/raw/CPRT.csv\n",
      "Saved COST data to ./data/stocks/datasets/dj30/raw/COST.csv\n",
      "Saved CSX data to ./data/stocks/datasets/dj30/raw/CSX.csv\n",
      "Saved DXCM data to ./data/stocks/datasets/dj30/raw/DXCM.csv\n",
      "Saved DOCU data to ./data/stocks/datasets/dj30/raw/DOCU.csv\n",
      "Saved DLTR data to ./data/stocks/datasets/dj30/raw/DLTR.csv\n",
      "Saved EBAY data to ./data/stocks/datasets/dj30/raw/EBAY.csv\n",
      "Saved EA data to ./data/stocks/datasets/dj30/raw/EA.csv\n",
      "Saved EXC data to ./data/stocks/datasets/dj30/raw/EXC.csv\n",
      "Saved EXPE data to ./data/stocks/datasets/dj30/raw/EXPE.csv\n",
      "Saved FB data to ./data/stocks/datasets/dj30/raw/FB.csv\n",
      "Saved FAST data to ./data/stocks/datasets/dj30/raw/FAST.csv\n",
      "Saved FISV data to ./data/stocks/datasets/dj30/raw/FISV.csv\n",
      "Saved FOXA data to ./data/stocks/datasets/dj30/raw/FOXA.csv\n",
      "Saved FOX data to ./data/stocks/datasets/dj30/raw/FOX.csv\n",
      "Saved GILD data to ./data/stocks/datasets/dj30/raw/GILD.csv\n",
      "Saved IDXX data to ./data/stocks/datasets/dj30/raw/IDXX.csv\n",
      "Saved ILMN data to ./data/stocks/datasets/dj30/raw/ILMN.csv\n",
      "Saved INCY data to ./data/stocks/datasets/dj30/raw/INCY.csv\n",
      "Saved INTC data to ./data/stocks/datasets/dj30/raw/INTC.csv\n",
      "Saved INTU data to ./data/stocks/datasets/dj30/raw/INTU.csv\n",
      "Saved ISRG data to ./data/stocks/datasets/dj30/raw/ISRG.csv\n",
      "Saved JD data to ./data/stocks/datasets/dj30/raw/JD.csv\n",
      "Saved KDP data to ./data/stocks/datasets/dj30/raw/KDP.csv\n",
      "Saved KLAC data to ./data/stocks/datasets/dj30/raw/KLAC.csv\n",
      "Saved KHC data to ./data/stocks/datasets/dj30/raw/KHC.csv\n",
      "Saved LRCX data to ./data/stocks/datasets/dj30/raw/LRCX.csv\n",
      "Saved LBTYA data to ./data/stocks/datasets/dj30/raw/LBTYA.csv\n",
      "Saved LBTYK data to ./data/stocks/datasets/dj30/raw/LBTYK.csv\n",
      "Saved LULU data to ./data/stocks/datasets/dj30/raw/LULU.csv\n",
      "Saved MAR data to ./data/stocks/datasets/dj30/raw/MAR.csv\n",
      "Saved MXIM data to ./data/stocks/datasets/dj30/raw/MXIM.csv\n",
      "Saved MELI data to ./data/stocks/datasets/dj30/raw/MELI.csv\n",
      "Saved MCHP data to ./data/stocks/datasets/dj30/raw/MCHP.csv\n",
      "Saved MU data to ./data/stocks/datasets/dj30/raw/MU.csv\n",
      "Saved MSFT data to ./data/stocks/datasets/dj30/raw/MSFT.csv\n",
      "Saved MRNA data to ./data/stocks/datasets/dj30/raw/MRNA.csv\n",
      "Saved MDLZ data to ./data/stocks/datasets/dj30/raw/MDLZ.csv\n",
      "Saved MNST data to ./data/stocks/datasets/dj30/raw/MNST.csv\n",
      "Saved NTES data to ./data/stocks/datasets/dj30/raw/NTES.csv\n",
      "Saved NFLX data to ./data/stocks/datasets/dj30/raw/NFLX.csv\n",
      "Saved NVDA data to ./data/stocks/datasets/dj30/raw/NVDA.csv\n",
      "Saved NXPI data to ./data/stocks/datasets/dj30/raw/NXPI.csv\n",
      "Saved ORLY data to ./data/stocks/datasets/dj30/raw/ORLY.csv\n",
      "Saved PCAR data to ./data/stocks/datasets/dj30/raw/PCAR.csv\n",
      "Saved PAYX data to ./data/stocks/datasets/dj30/raw/PAYX.csv\n",
      "Saved PYPL data to ./data/stocks/datasets/dj30/raw/PYPL.csv\n",
      "Saved PEP data to ./data/stocks/datasets/dj30/raw/PEP.csv\n",
      "Saved PDD data to ./data/stocks/datasets/dj30/raw/PDD.csv\n",
      "Saved QCOM data to ./data/stocks/datasets/dj30/raw/QCOM.csv\n",
      "Saved REGN data to ./data/stocks/datasets/dj30/raw/REGN.csv\n",
      "Saved ROST data to ./data/stocks/datasets/dj30/raw/ROST.csv\n",
      "Saved SGEN data to ./data/stocks/datasets/dj30/raw/SGEN.csv\n",
      "Saved SIRI data to ./data/stocks/datasets/dj30/raw/SIRI.csv\n",
      "Saved SWKS data to ./data/stocks/datasets/dj30/raw/SWKS.csv\n",
      "Saved SPLK data to ./data/stocks/datasets/dj30/raw/SPLK.csv\n",
      "Saved SBUX data to ./data/stocks/datasets/dj30/raw/SBUX.csv\n",
      "Saved SNPS data to ./data/stocks/datasets/dj30/raw/SNPS.csv\n",
      "Saved TMUS data to ./data/stocks/datasets/dj30/raw/TMUS.csv\n",
      "Saved TTWO data to ./data/stocks/datasets/dj30/raw/TTWO.csv\n",
      "Saved TSLA data to ./data/stocks/datasets/dj30/raw/TSLA.csv\n",
      "Saved TXN data to ./data/stocks/datasets/dj30/raw/TXN.csv\n",
      "Saved TCOM data to ./data/stocks/datasets/dj30/raw/TCOM.csv\n",
      "Saved ULTA data to ./data/stocks/datasets/dj30/raw/ULTA.csv\n",
      "Saved VRSN data to ./data/stocks/datasets/dj30/raw/VRSN.csv\n",
      "Saved VRSK data to ./data/stocks/datasets/dj30/raw/VRSK.csv\n",
      "Saved VRTX data to ./data/stocks/datasets/dj30/raw/VRTX.csv\n",
      "Saved WBA data to ./data/stocks/datasets/dj30/raw/WBA.csv\n",
      "Saved WDAY data to ./data/stocks/datasets/dj30/raw/WDAY.csv\n",
      "Saved XEL data to ./data/stocks/datasets/dj30/raw/XEL.csv\n",
      "Saved XLNX data to ./data/stocks/datasets/dj30/raw/XLNX.csv\n",
      "Saved ZM data to ./data/stocks/datasets/dj30/raw/ZM.csv\n",
      "Saved WDC data to ./data/stocks/datasets/dj30/raw/WDC.csv\n",
      "Saved NTAP data to ./data/stocks/datasets/dj30/raw/NTAP.csv\n",
      "Saved CSGP data to ./data/stocks/datasets/dj30/raw/CSGP.csv\n",
      "Saved UAL data to ./data/stocks/datasets/dj30/raw/UAL.csv\n",
      "Saved WLTW data to ./data/stocks/datasets/dj30/raw/WLTW.csv\n",
      "Saved AAL data to ./data/stocks/datasets/dj30/raw/AAL.csv\n",
      "Saved HAS data to ./data/stocks/datasets/dj30/raw/HAS.csv\n",
      "Saved JBHT data to ./data/stocks/datasets/dj30/raw/JBHT.csv\n",
      "Saved WYNN data to ./data/stocks/datasets/dj30/raw/WYNN.csv\n",
      "Saved NLOK data to ./data/stocks/datasets/dj30/raw/NLOK.csv\n",
      "Saved MYL data to ./data/stocks/datasets/dj30/raw/MYL.csv\n",
      "Saved HSIC data to ./data/stocks/datasets/dj30/raw/HSIC.csv\n",
      "Saved CELG data to ./data/stocks/datasets/dj30/raw/CELG.csv\n",
      "Saved SYMC data to ./data/stocks/datasets/dj30/raw/SYMC.csv\n",
      "Saved CTRP data to ./data/stocks/datasets/dj30/raw/CTRP.csv\n",
      "Saved TFCFA data to ./data/stocks/datasets/dj30/raw/TFCFA.csv\n",
      "Saved TFCF data to ./data/stocks/datasets/dj30/raw/TFCF.csv\n",
      "Saved VOD data to ./data/stocks/datasets/dj30/raw/VOD.csv\n",
      "Saved QRTEA data to ./data/stocks/datasets/dj30/raw/QRTEA.csv\n",
      "Saved HOLX data to ./data/stocks/datasets/dj30/raw/HOLX.csv\n",
      "Saved SHPG data to ./data/stocks/datasets/dj30/raw/SHPG.csv\n",
      "Saved STX data to ./data/stocks/datasets/dj30/raw/STX.csv\n",
      "Saved ESRX data to ./data/stocks/datasets/dj30/raw/ESRX.csv\n",
      "Saved XRAY data to ./data/stocks/datasets/dj30/raw/XRAY.csv\n",
      "Saved CA data to ./data/stocks/datasets/dj30/raw/CA.csv\n",
      "Saved DISH data to ./data/stocks/datasets/dj30/raw/DISH.csv\n",
      "Saved LVNTA data to ./data/stocks/datasets/dj30/raw/LVNTA.csv\n",
      "Saved QVCA data to ./data/stocks/datasets/dj30/raw/QVCA.csv\n",
      "Saved PCLN data to ./data/stocks/datasets/dj30/raw/PCLN.csv\n",
      "Saved LILA data to ./data/stocks/datasets/dj30/raw/LILA.csv\n",
      "Saved LILAK data to ./data/stocks/datasets/dj30/raw/LILAK.csv\n",
      "Saved AKAM data to ./data/stocks/datasets/dj30/raw/AKAM.csv\n",
      "Saved DISCA data to ./data/stocks/datasets/dj30/raw/DISCA.csv\n",
      "Saved VIAB data to ./data/stocks/datasets/dj30/raw/VIAB.csv\n",
      "Saved TSCO data to ./data/stocks/datasets/dj30/raw/TSCO.csv\n",
      "Saved NCLH data to ./data/stocks/datasets/dj30/raw/NCLH.csv\n",
      "Saved DISCK data to ./data/stocks/datasets/dj30/raw/DISCK.csv\n",
      "Saved MAT data to ./data/stocks/datasets/dj30/raw/MAT.csv\n",
      "Saved YHOO data to ./data/stocks/datasets/dj30/raw/YHOO.csv\n",
      "Saved TRIP data to ./data/stocks/datasets/dj30/raw/TRIP.csv\n",
      "Saved SBAC data to ./data/stocks/datasets/dj30/raw/SBAC.csv\n",
      "Saved WFM data to ./data/stocks/datasets/dj30/raw/WFM.csv\n",
      "Saved BBBY data to ./data/stocks/datasets/dj30/raw/BBBY.csv\n",
      "Saved SRCL data to ./data/stocks/datasets/dj30/raw/SRCL.csv\n",
      "Saved LEXEA data to ./data/stocks/datasets/dj30/raw/LEXEA.csv\n",
      "Saved LLTC data to ./data/stocks/datasets/dj30/raw/LLTC.csv\n",
      "Saved ENDP data to ./data/stocks/datasets/dj30/raw/ENDP.csv\n",
      "Saved BATRA data to ./data/stocks/datasets/dj30/raw/BATRA.csv\n",
      "Saved LMCA data to ./data/stocks/datasets/dj30/raw/LMCA.csv\n",
      "Saved BATRK data to ./data/stocks/datasets/dj30/raw/BATRK.csv\n",
      "Saved LMCK data to ./data/stocks/datasets/dj30/raw/LMCK.csv\n",
      "Saved LSXMA data to ./data/stocks/datasets/dj30/raw/LSXMA.csv\n",
      "Saved LSXMK data to ./data/stocks/datasets/dj30/raw/LSXMK.csv\n",
      "Saved SNDK data to ./data/stocks/datasets/dj30/raw/SNDK.csv\n",
      "Saved GMCR data to ./data/stocks/datasets/dj30/raw/GMCR.csv\n",
      "Saved GRMN data to ./data/stocks/datasets/dj30/raw/GRMN.csv\n",
      "Saved CHRW data to ./data/stocks/datasets/dj30/raw/CHRW.csv\n",
      "Saved SPLS data to ./data/stocks/datasets/dj30/raw/SPLS.csv\n",
      "Saved EXPD data to ./data/stocks/datasets/dj30/raw/EXPD.csv\n",
      "Saved VIP data to ./data/stocks/datasets/dj30/raw/VIP.csv\n",
      "Saved CMCSK data to ./data/stocks/datasets/dj30/raw/CMCSK.csv\n",
      "Saved BRCM data to ./data/stocks/datasets/dj30/raw/BRCM.csv\n",
      "Saved ALTR data to ./data/stocks/datasets/dj30/raw/ALTR.csv\n",
      "Saved SIAL data to ./data/stocks/datasets/dj30/raw/SIAL.csv\n",
      "Saved DTV data to ./data/stocks/datasets/dj30/raw/DTV.csv\n",
      "Saved CTRX data to ./data/stocks/datasets/dj30/raw/CTRX.csv\n",
      "Saved KRFT data to ./data/stocks/datasets/dj30/raw/KRFT.csv\n",
      "Saved EQIX data to ./data/stocks/datasets/dj30/raw/EQIX.csv\n",
      "Saved FFIV data to ./data/stocks/datasets/dj30/raw/FFIV.csv\n",
      "Saved LINTA data to ./data/stocks/datasets/dj30/raw/LINTA.csv\n",
      "Saved FOSL data to ./data/stocks/datasets/dj30/raw/FOSL.csv\n",
      "Saved NUAN data to ./data/stocks/datasets/dj30/raw/NUAN.csv\n",
      "Saved SHLD data to ./data/stocks/datasets/dj30/raw/SHLD.csv\n",
      "Saved GOLD data to ./data/stocks/datasets/dj30/raw/GOLD.csv\n",
      "Saved DELL data to ./data/stocks/datasets/dj30/raw/DELL.csv\n",
      "Saved LIFE data to ./data/stocks/datasets/dj30/raw/LIFE.csv\n",
      "Saved BMC data to ./data/stocks/datasets/dj30/raw/BMC.csv\n",
      "Saved ORCL data to ./data/stocks/datasets/dj30/raw/ORCL.csv\n",
      "Saved NWSA data to ./data/stocks/datasets/dj30/raw/NWSA.csv\n",
      "Saved PRGO data to ./data/stocks/datasets/dj30/raw/PRGO.csv\n",
      "Saved VMED data to ./data/stocks/datasets/dj30/raw/VMED.csv\n",
      "Saved STRZA data to ./data/stocks/datasets/dj30/raw/STRZA.csv\n",
      "Saved MRVL data to ./data/stocks/datasets/dj30/raw/MRVL.csv\n",
      "Saved APOL data to ./data/stocks/datasets/dj30/raw/APOL.csv\n",
      "Saved RIMM data to ./data/stocks/datasets/dj30/raw/RIMM.csv\n",
      "Saved FLEX data to ./data/stocks/datasets/dj30/raw/FLEX.csv\n",
      "Saved WCRX data to ./data/stocks/datasets/dj30/raw/WCRX.csv\n",
      "Saved INFY data to ./data/stocks/datasets/dj30/raw/INFY.csv\n",
      "Saved KFT data to ./data/stocks/datasets/dj30/raw/KFT.csv\n",
      "Saved TEVA data to ./data/stocks/datasets/dj30/raw/TEVA.csv\n",
      "Saved FSLR data to ./data/stocks/datasets/dj30/raw/FSLR.csv\n",
      "Saved HANS data to ./data/stocks/datasets/dj30/raw/HANS.csv\n",
      "Saved ERTS data to ./data/stocks/datasets/dj30/raw/ERTS.csv\n",
      "Saved QGEN data to ./data/stocks/datasets/dj30/raw/QGEN.csv\n",
      "Saved NIHD data to ./data/stocks/datasets/dj30/raw/NIHD.csv\n",
      "Saved FLIR data to ./data/stocks/datasets/dj30/raw/FLIR.csv\n",
      "Saved URBN data to ./data/stocks/datasets/dj30/raw/URBN.csv\n",
      "Saved JOYG data to ./data/stocks/datasets/dj30/raw/JOYG.csv\n",
      "Saved CEPH data to ./data/stocks/datasets/dj30/raw/CEPH.csv\n",
      "Saved MICC data to ./data/stocks/datasets/dj30/raw/MICC.csv\n",
      "Saved WFMI data to ./data/stocks/datasets/dj30/raw/WFMI.csv\n",
      "Saved GENZ data to ./data/stocks/datasets/dj30/raw/GENZ.csv\n",
      "Saved FWLT data to ./data/stocks/datasets/dj30/raw/FWLT.csv\n",
      "Saved PDCO data to ./data/stocks/datasets/dj30/raw/PDCO.csv\n",
      "Saved LOGI data to ./data/stocks/datasets/dj30/raw/LOGI.csv\n",
      "Saved STLD data to ./data/stocks/datasets/dj30/raw/STLD.csv\n",
      "Saved IACI data to ./data/stocks/datasets/dj30/raw/IACI.csv\n",
      "Saved RYAAY data to ./data/stocks/datasets/dj30/raw/RYAAY.csv\n",
      "Saved PPDI data to ./data/stocks/datasets/dj30/raw/PPDI.csv\n",
      "Saved JNPR data to ./data/stocks/datasets/dj30/raw/JNPR.csv\n",
      "Saved JAVA data to ./data/stocks/datasets/dj30/raw/JAVA.csv\n",
      "Saved FMCN data to ./data/stocks/datasets/dj30/raw/FMCN.csv\n",
      "Saved PETM data to ./data/stocks/datasets/dj30/raw/PETM.csv\n",
      "Saved LVLT data to ./data/stocks/datasets/dj30/raw/LVLT.csv\n",
      "Saved LEAP data to ./data/stocks/datasets/dj30/raw/LEAP.csv\n",
      "Saved LAMR data to ./data/stocks/datasets/dj30/raw/LAMR.csv\n",
      "Saved AMLN data to ./data/stocks/datasets/dj30/raw/AMLN.csv\n",
      "Saved DISAD data to ./data/stocks/datasets/dj30/raw/DISAD.csv\n",
      "Saved IACID data to ./data/stocks/datasets/dj30/raw/IACID.csv\n",
      "Saved ATVID data to ./data/stocks/datasets/dj30/raw/ATVID.csv\n",
      "Saved UAUA data to ./data/stocks/datasets/dj30/raw/UAUA.csv\n",
      "Saved TLAB data to ./data/stocks/datasets/dj30/raw/TLAB.csv\n",
      "Saved BEAS data to ./data/stocks/datasets/dj30/raw/BEAS.csv\n",
      "Saved PTEN data to ./data/stocks/datasets/dj30/raw/PTEN.csv\n",
      "Saved SEPR data to ./data/stocks/datasets/dj30/raw/SEPR.csv\n",
      "Saved XMSR data to ./data/stocks/datasets/dj30/raw/XMSR.csv\n",
      "Saved ERIC data to ./data/stocks/datasets/dj30/raw/ERIC.csv\n",
      "Saved JAVAD data to ./data/stocks/datasets/dj30/raw/JAVAD.csv\n",
      "Saved CKFR data to ./data/stocks/datasets/dj30/raw/CKFR.csv\n",
      "Saved CDWC data to ./data/stocks/datasets/dj30/raw/CDWC.csv\n",
      "Saved SUNW data to ./data/stocks/datasets/dj30/raw/SUNW.csv\n",
      "Saved BMET data to ./data/stocks/datasets/dj30/raw/BMET.csv\n",
      "Saved MEDI data to ./data/stocks/datasets/dj30/raw/MEDI.csv\n",
      "Saved AEOS data to ./data/stocks/datasets/dj30/raw/AEOS.csv\n",
      "Saved APCC data to ./data/stocks/datasets/dj30/raw/APCC.csv\n",
      "Saved NTLI data to ./data/stocks/datasets/dj30/raw/NTLI.csv\n",
      "Saved CMVT data to ./data/stocks/datasets/dj30/raw/CMVT.csv\n",
      "Saved JDSU data to ./data/stocks/datasets/dj30/raw/JDSU.csv\n",
      "Saved LNCR data to ./data/stocks/datasets/dj30/raw/LNCR.csv\n",
      "Saved RHAT data to ./data/stocks/datasets/dj30/raw/RHAT.csv\n",
      "Saved JDSUD data to ./data/stocks/datasets/dj30/raw/JDSUD.csv\n",
      "Saved ATYT data to ./data/stocks/datasets/dj30/raw/ATYT.csv\n",
      "Saved ERICY data to ./data/stocks/datasets/dj30/raw/ERICY.csv\n",
      "Saved PIXR data to ./data/stocks/datasets/dj30/raw/PIXR.csv\n",
      "Saved CHIR data to ./data/stocks/datasets/dj30/raw/CHIR.csv\n",
      "Saved NTLID data to ./data/stocks/datasets/dj30/raw/NTLID.csv\n",
      "Saved SEBL data to ./data/stocks/datasets/dj30/raw/SEBL.csv\n",
      "Saved MCIP data to ./data/stocks/datasets/dj30/raw/MCIP.csv\n",
      "Saved MERQE data to ./data/stocks/datasets/dj30/raw/MERQE.csv\n",
      "Saved IVGN data to ./data/stocks/datasets/dj30/raw/IVGN.csv\n",
      "Saved MLNM data to ./data/stocks/datasets/dj30/raw/MLNM.csv\n",
      "Saved SANM data to ./data/stocks/datasets/dj30/raw/SANM.csv\n",
      "Saved ISIL data to ./data/stocks/datasets/dj30/raw/ISIL.csv\n",
      "Saved MOLX data to ./data/stocks/datasets/dj30/raw/MOLX.csv\n",
      "Saved SSCC data to ./data/stocks/datasets/dj30/raw/SSCC.csv\n",
      "Saved NVLS data to ./data/stocks/datasets/dj30/raw/NVLS.csv\n",
      "Saved CECO data to ./data/stocks/datasets/dj30/raw/CECO.csv\n",
      "Saved QLGC data to ./data/stocks/datasets/dj30/raw/QLGC.csv\n",
      "Saved CHRWD data to ./data/stocks/datasets/dj30/raw/CHRWD.csv\n",
      "Saved MERQ data to ./data/stocks/datasets/dj30/raw/MERQ.csv\n",
      "Saved NXTL data to ./data/stocks/datasets/dj30/raw/NXTL.csv\n",
      "Saved VRTS data to ./data/stocks/datasets/dj30/raw/VRTS.csv\n",
      "Saved VRTSE data to ./data/stocks/datasets/dj30/raw/VRTSE.csv\n",
      "Saved KMRT data to ./data/stocks/datasets/dj30/raw/KMRT.csv\n",
      "Saved MOLXE data to ./data/stocks/datasets/dj30/raw/MOLXE.csv\n",
      "Saved PSFT data to ./data/stocks/datasets/dj30/raw/PSFT.csv\n",
      "Saved FHCC data to ./data/stocks/datasets/dj30/raw/FHCC.csv\n",
      "Saved GNTX data to ./data/stocks/datasets/dj30/raw/GNTX.csv\n",
      "Saved CPWR data to ./data/stocks/datasets/dj30/raw/CPWR.csv\n",
      "Saved SPOT data to ./data/stocks/datasets/dj30/raw/SPOT.csv\n",
      "Saved BRCD data to ./data/stocks/datasets/dj30/raw/BRCD.csv\n",
      "Saved ADCT data to ./data/stocks/datasets/dj30/raw/ADCT.csv\n",
      "Saved HGSI data to ./data/stocks/datasets/dj30/raw/HGSI.csv\n",
      "Saved RFMD data to ./data/stocks/datasets/dj30/raw/RFMD.csv\n",
      "Saved ICOS data to ./data/stocks/datasets/dj30/raw/ICOS.csv\n",
      "Saved CIEN data to ./data/stocks/datasets/dj30/raw/CIEN.csv\n",
      "Saved BGEN data to ./data/stocks/datasets/dj30/raw/BGEN.csv\n",
      "Saved IDPH data to ./data/stocks/datasets/dj30/raw/IDPH.csv\n",
      "Saved USAI data to ./data/stocks/datasets/dj30/raw/USAI.csv\n",
      "Saved TMPW data to ./data/stocks/datasets/dj30/raw/TMPW.csv\n"
     ]
    }
   ],
   "source": [
    "# now I want to iterate overa ll the stocks\n",
    "fields = [\"$open\", \"$high\", \"$low\", \"$close\", \"$volume\"]\n",
    "\n",
    "for stock in nasdaq100_stocks:\n",
    "    stock_symbol = stock\n",
    "    data = D.features([stock_symbol], fields, start_time=\"2010-01-01\", end_time=\"2026-12-21\", freq=\"day\").reset_index()\n",
    "\n",
    "    # Save the extracted data into a CSV file\n",
    "    csv_filename = f\"./data/stocks/datasets/dj30/raw/{stock_symbol}.csv\"\n",
    "    data.to_csv(csv_filename)\n",
    "    print(f\"Saved {stock_symbol} data to {csv_filename}\")\n"
   ]
  },
  {
   "cell_type": "markdown",
   "id": "954154ee",
   "metadata": {},
   "source": [
    "# DATA"
   ]
  },
  {
   "cell_type": "code",
   "execution_count": 59,
   "id": "e1abad5d",
   "metadata": {},
   "outputs": [
    {
     "name": "stdout",
     "output_type": "stream",
     "text": [
      "processing AAPL from data\\stocks\\datasets\\dj30\\raw\\AAPL.csv...\n",
      "processing AMGN from data\\stocks\\datasets\\dj30\\raw\\AMGN.csv...\n",
      "processing AXP from data\\stocks\\datasets\\dj30\\raw\\AXP.csv...\n",
      "processing BA from data\\stocks\\datasets\\dj30\\raw\\BA.csv...\n",
      "processing CAT from data\\stocks\\datasets\\dj30\\raw\\CAT.csv...\n",
      "processing CRM from data\\stocks\\datasets\\dj30\\raw\\CRM.csv...\n",
      "processing CSCO from data\\stocks\\datasets\\dj30\\raw\\CSCO.csv...\n",
      "processing CVX from data\\stocks\\datasets\\dj30\\raw\\CVX.csv...\n",
      "processing DIS from data\\stocks\\datasets\\dj30\\raw\\DIS.csv...\n",
      "processing GS from data\\stocks\\datasets\\dj30\\raw\\GS.csv...\n",
      "processing HD from data\\stocks\\datasets\\dj30\\raw\\HD.csv...\n",
      "processing HON from data\\stocks\\datasets\\dj30\\raw\\HON.csv...\n",
      "processing IBM from data\\stocks\\datasets\\dj30\\raw\\IBM.csv...\n",
      "processing INTC from data\\stocks\\datasets\\dj30\\raw\\INTC.csv...\n",
      "processing JNJ from data\\stocks\\datasets\\dj30\\raw\\JNJ.csv...\n",
      "processing JPM from data\\stocks\\datasets\\dj30\\raw\\JPM.csv...\n",
      "processing KO from data\\stocks\\datasets\\dj30\\raw\\KO.csv...\n",
      "processing MCD from data\\stocks\\datasets\\dj30\\raw\\MCD.csv...\n",
      "processing MMM from data\\stocks\\datasets\\dj30\\raw\\MMM.csv...\n",
      "processing MRK from data\\stocks\\datasets\\dj30\\raw\\MRK.csv...\n",
      "processing MSFT from data\\stocks\\datasets\\dj30\\raw\\MSFT.csv...\n",
      "processing NKE from data\\stocks\\datasets\\dj30\\raw\\NKE.csv...\n",
      "processing PG from data\\stocks\\datasets\\dj30\\raw\\PG.csv...\n",
      "processing TRV from data\\stocks\\datasets\\dj30\\raw\\TRV.csv...\n",
      "processing UNH from data\\stocks\\datasets\\dj30\\raw\\UNH.csv...\n",
      "processing V from data\\stocks\\datasets\\dj30\\raw\\V.csv...\n",
      "processing VZ from data\\stocks\\datasets\\dj30\\raw\\VZ.csv...\n",
      "processing WBA from data\\stocks\\datasets\\dj30\\raw\\WBA.csv...\n",
      "processing WMT from data\\stocks\\datasets\\dj30\\raw\\WMT.csv...\n",
      "                AAPL       AMGN        AXP         BA        CAT        CRM  \\\n",
      "Date                                                                          \n",
      "2010-01-04  6.515212  43.267185  33.792706  43.777550  41.353184  18.705000   \n",
      "2010-01-05  6.526475  42.892368  33.718391  45.211346  41.847588  18.625000   \n",
      "2010-01-06  6.422665  42.570042  34.263409  46.582798  41.974720  18.592501   \n",
      "2010-01-07  6.410792  42.180252  34.819138  48.468563  42.144238  18.510000   \n",
      "2010-01-08  6.453413  42.555042  34.794243  48.001015  42.617439  18.537500   \n",
      "\n",
      "                 CSCO        CVX        DIS          GS  ...        MRK  \\\n",
      "Date                                                     ...              \n",
      "2010-01-04  17.533108  47.266068  27.933920  140.864365  ...  22.585732   \n",
      "2010-01-05  17.454992  47.600857  27.864239  143.354767  ...  22.677275   \n",
      "2010-01-06  17.341375  47.606842  27.716160  141.824692  ...  22.982409   \n",
      "2010-01-07  17.419493  47.427490  27.724876  144.599991  ...  23.019014   \n",
      "2010-01-08  17.511806  47.511189  27.768425  141.865372  ...  23.006811   \n",
      "\n",
      "                 MSFT        NKE         PG        TRV        UNH          V  \\\n",
      "Date                                                                           \n",
      "2010-01-04  23.683073  13.989439  41.439648  36.311008  25.983179  20.094740   \n",
      "2010-01-05  23.690723  14.045099  41.453209  35.450802  25.941973  19.864473   \n",
      "2010-01-06  23.545336  13.959470  41.256584  34.947807  26.197439  19.597733   \n",
      "2010-01-07  23.300463  14.096476  41.032848  35.450802  27.202805  19.780123   \n",
      "2010-01-08  23.461159  14.068650  40.978607  35.399776  26.947346  19.834837   \n",
      "\n",
      "                   VZ        WBA        WMT  \n",
      "Date                                         \n",
      "2010-01-04  16.828819  26.326160  40.329693  \n",
      "2010-01-05  16.859161  26.114424  39.928097  \n",
      "2010-01-06  16.374392  25.916800  39.838844  \n",
      "2010-01-07  16.276924  26.072073  39.861179  \n",
      "2010-01-08  16.287182  26.107378  39.660378  \n",
      "\n",
      "[5 rows x 29 columns]\n"
     ]
    }
   ],
   "source": [
    "# path to folder containing csv files. Each files correspond to an asset (stock)\n",
    "folder_path = os.path.join(\"data\", \"stocks\", \"datasets\",\"dj30\",\"raw\", \"*.csv\")\n",
    "csv_files = glob.glob(folder_path)\n",
    "data_frames = []\n",
    "\n",
    "for file in csv_files:\n",
    "    # each file name is the stock symbol, so we simply extract sticker from the file's name\n",
    "    symbol = os.path.splitext(os.path.basename(file))[0]\n",
    "    print(f\"processing {symbol} from {file}...\")\n",
    "    \n",
    "    # parse \"Date\" column and filter the desired timeline (range). To be updated later !!!(problem with yahoo\"s API)\n",
    "    df = pd.read_csv(file, parse_dates=['Date'])\n",
    "    #df = df.loc[~df.index.duplicated(keep='first')]\n",
    "    mask = (df['Date'] >= '2010-01-01') & (df['Date'] <= '2018-12-21')\n",
    "    df = df.loc[mask]\n",
    "    # we only consider \"Date\" and \"Adj Close\" columns\n",
    "    df = df[['Date', 'Adj Close']].set_index('Date')\n",
    "    df.rename(columns={'Adj Close': symbol}, inplace=True)\n",
    "    data_frames.append(df)\n",
    "\n",
    "merged_df = pd.concat(data_frames, axis=1)\n",
    "merged_df.sort_index(inplace=True)\n",
    "print(merged_df.head())\n",
    "#uncomment the next line to save the csv containing all stocks daily prices\n",
    "#merged_df.to_csv(\"merged_historical_prices.csv\")"
   ]
  },
  {
   "cell_type": "code",
   "execution_count": null,
   "id": "6fb4ff3c",
   "metadata": {},
   "outputs": [],
   "source": [
    "#### You can ignore this part, i used SP500 for regime switching model but it didn't work for a univariate RSM\n",
    "#### Will consider a multivariate RSM later (probably for the final version)\n",
    "\n",
    "\"\"\"DON'T RUN THIS PART !!!!!\n",
    "\"\"\"\n",
    "path = os.path.join(\"stocks\", \"datasets\",\"dj30\", 'SP500.csv')\n",
    "sp500_df = pd.read_csv(path, parse_dates=['Date'])\n",
    "#sp500_df['Date'] = pd.to_datetime(sp500_df['Date'], format='%m/%d/%Y')\n",
    "sp500_df['Date'] = pd.to_datetime(sp500_df['Date'], infer_datetime_format=True, errors='coerce')\n",
    "sp500_df.dropna(subset=['Date'], inplace=True)\n",
    "mask = (sp500_df['Date'] >= '2010-01-01') & (sp500_df['Date'] <= '2022-01-01')\n",
    "sp500_df = sp500_df.loc[mask]\n",
    "sp500_prices = sp500_df[['Date', 'Close']].copy()\n",
    "sp500_prices.rename(columns={'Close': 'SP500'}, inplace=True)\n",
    "sp500_prices.set_index('Date', inplace=True)\n",
    "df = merged_df\n",
    "df = df.merge(sp500_prices, left_index=True, right_index=True, how='outer')\n",
    "df.sort_index(inplace=True)\n",
    "df.fillna(method='ffill', inplace=True)\n",
    "columns, shape = df.columns, df.shape\n",
    "print(columns,shape)"
   ]
  },
  {
   "cell_type": "markdown",
   "id": "69d92624",
   "metadata": {},
   "source": [
    "# Correlation clustering"
   ]
  },
  {
   "cell_type": "code",
   "execution_count": 60,
   "id": "28e75974",
   "metadata": {},
   "outputs": [
    {
     "name": "stdout",
     "output_type": "stream",
     "text": [
      "\n",
      "representative correlation matrices:\n",
      "Matrix 1:\n",
      " [[1.         0.45358289 0.55375847 0.57820595 0.62287022 0.47481722\n",
      "  0.56046428 0.56750093 0.51682564 0.47325976 0.53492178 0.6555416\n",
      "  0.62186917 0.587193   0.54974003 0.52243326 0.48167609 0.50283316\n",
      "  0.5940191  0.46497148 0.6051014  0.5945071  0.48886557 0.49253768\n",
      "  0.45253194 0.5004553  0.49586821 0.39306539 0.39155385]\n",
      " [0.45358289 1.         0.50779818 0.53467584 0.46813724 0.35638594\n",
      "  0.45169556 0.52985611 0.52353505 0.4519705  0.53297998 0.57659726\n",
      "  0.5442963  0.50893065 0.61685778 0.49667955 0.51979065 0.53951849\n",
      "  0.54008079 0.56819345 0.51101929 0.52016961 0.50636854 0.53915672\n",
      "  0.54886007 0.41905059 0.52150004 0.43283642 0.44129624]\n",
      " [0.55375847 0.50779818 1.         0.66052892 0.66716411 0.49465403\n",
      "  0.58374095 0.6309413  0.6297097  0.61168212 0.64166934 0.70733955\n",
      "  0.61982806 0.5887532  0.58034622 0.71778775 0.56863845 0.56762624\n",
      "  0.6763757  0.57997142 0.61404982 0.63609646 0.53497213 0.62947342\n",
      "  0.49501252 0.57302825 0.55660008 0.47831333 0.43368879]\n",
      " [0.57820595 0.53467584 0.66052892 1.         0.66365553 0.49695584\n",
      "  0.60223916 0.64869323 0.65307496 0.56747819 0.65455634 0.80343554\n",
      "  0.64261893 0.58290002 0.65516443 0.6782365  0.6100825  0.5936087\n",
      "  0.69187961 0.58939395 0.60504659 0.69865926 0.58578008 0.60700322\n",
      "  0.55707355 0.53531331 0.53876556 0.53586055 0.46967951]\n",
      " [0.62287022 0.46813724 0.66716411 0.66365553 1.         0.53342743\n",
      "  0.57915034 0.74461749 0.60894075 0.5430104  0.58182686 0.78980086\n",
      "  0.65291677 0.61647848 0.57216834 0.65755277 0.5884861  0.55987998\n",
      "  0.71044489 0.58044003 0.58314288 0.65126844 0.53109776 0.57429798\n",
      "  0.46178539 0.48931688 0.57064841 0.48490689 0.46762068]\n",
      " [0.47481722 0.35638594 0.49465403 0.49695584 0.53342743 1.\n",
      "  0.49437491 0.48500968 0.48754621 0.39358056 0.43985478 0.54884946\n",
      "  0.49984403 0.48879209 0.42447883 0.48832067 0.42372595 0.46539631\n",
      "  0.50602006 0.38695221 0.48331968 0.56643087 0.3808665  0.43266991\n",
      "  0.3808131  0.43949287 0.35186145 0.36773432 0.33258466]\n",
      " [0.56046428 0.45169556 0.58374095 0.60223916 0.57915034 0.49437491\n",
      "  1.         0.55964899 0.57740281 0.51179685 0.55738858 0.64904691\n",
      "  0.61717579 0.61714518 0.598461   0.59665919 0.52672298 0.52727064\n",
      "  0.58363057 0.5292338  0.626071   0.60501455 0.54682248 0.55766824\n",
      "  0.45988273 0.50979559 0.50516454 0.42526413 0.47443405]\n",
      " [0.56750093 0.52985611 0.6309413  0.64869323 0.74461749 0.48500968\n",
      "  0.55964899 1.         0.62811558 0.56042192 0.61230733 0.75736318\n",
      "  0.63815746 0.61212049 0.63499767 0.6849243  0.63836395 0.59116871\n",
      "  0.67896478 0.6583088  0.604428   0.6438693  0.58104612 0.60534818\n",
      "  0.52821597 0.52076999 0.61073107 0.50538258 0.5084489 ]\n",
      " [0.51682564 0.52353505 0.6297097  0.65307496 0.60894075 0.48754621\n",
      "  0.57740281 0.62811558 1.         0.53217893 0.58591381 0.69943338\n",
      "  0.59938138 0.58250765 0.57920128 0.64818119 0.54201851 0.53381852\n",
      "  0.64343028 0.57053463 0.57825193 0.63197056 0.53545494 0.60651444\n",
      "  0.46809843 0.47992509 0.51913337 0.44192096 0.45875867]\n",
      " [0.47325976 0.4519705  0.61168212 0.56747819 0.5430104  0.39358056\n",
      "  0.51179685 0.56042192 0.53217893 1.         0.52145296 0.61690638\n",
      "  0.50648607 0.54282236 0.52997268 0.79651187 0.46514715 0.44482042\n",
      "  0.55200718 0.50037233 0.52457481 0.52907378 0.43924813 0.58162151\n",
      "  0.47374167 0.43206832 0.46498085 0.40807494 0.38529532]\n",
      " [0.53492178 0.53297998 0.64166934 0.65455634 0.58182686 0.43985478\n",
      "  0.55738858 0.61230733 0.58591381 0.52145296 1.         0.70617207\n",
      "  0.57411901 0.57813342 0.5881261  0.61348242 0.5370712  0.60325064\n",
      "  0.60777986 0.55183162 0.57738872 0.69299679 0.56374483 0.57019062\n",
      "  0.53169297 0.51920911 0.51464007 0.51883463 0.55011165]\n",
      " [0.6555416  0.57659726 0.70733955 0.80343554 0.78980086 0.54884946\n",
      "  0.64904691 0.75736318 0.69943338 0.61690638 0.70617207 1.\n",
      "  0.72261598 0.66990256 0.68231653 0.72482292 0.65573262 0.62610759\n",
      "  0.76947391 0.63471667 0.66790078 0.74930093 0.61990611 0.65892516\n",
      "  0.58310725 0.57074935 0.60391286 0.55827967 0.54919789]\n",
      " [0.62186917 0.5442963  0.61982806 0.64261893 0.65291677 0.49984403\n",
      "  0.61717579 0.63815746 0.59938138 0.50648607 0.57411901 0.72261598\n",
      "  1.         0.65736585 0.66056369 0.61236224 0.62465981 0.56426392\n",
      "  0.65451028 0.58712113 0.68278638 0.63059702 0.60183166 0.60276544\n",
      "  0.52818881 0.50782388 0.63162089 0.4882989  0.47049559]\n",
      " [0.587193   0.50893065 0.5887532  0.58290002 0.61647848 0.48879209\n",
      "  0.61714518 0.61212049 0.58250765 0.54282236 0.57813342 0.66990256\n",
      "  0.65736585 1.         0.57621036 0.608918   0.56064633 0.48053143\n",
      "  0.60583081 0.5278618  0.65889897 0.58166887 0.52560218 0.56222303\n",
      "  0.46837976 0.42847978 0.52376928 0.48759287 0.43621523]\n",
      " [0.54974003 0.61685778 0.58034622 0.65516443 0.57216834 0.42447883\n",
      "  0.598461   0.63499767 0.57920128 0.52997268 0.5881261  0.68231653\n",
      "  0.66056369 0.57621036 1.         0.62699392 0.65517931 0.60659589\n",
      "  0.6576595  0.68017683 0.61148864 0.63415873 0.66521555 0.61666673\n",
      "  0.53764265 0.51734903 0.63068432 0.55704311 0.54344512]\n",
      " [0.52243326 0.49667955 0.71778775 0.6782365  0.65755277 0.48832067\n",
      "  0.59665919 0.6849243  0.64818119 0.79651187 0.61348242 0.72482292\n",
      "  0.61236224 0.608918   0.62699392 1.         0.55771326 0.51204536\n",
      "  0.67460283 0.58536942 0.59602165 0.62657468 0.5559222  0.68570644\n",
      "  0.50884335 0.53414585 0.57543087 0.48614169 0.45557027]\n",
      " [0.48167609 0.51979065 0.56863845 0.6100825  0.5884861  0.42372595\n",
      "  0.52672298 0.63836395 0.54201851 0.46514715 0.5370712  0.65573262\n",
      "  0.62465981 0.56064633 0.65517931 0.55771326 1.         0.58867371\n",
      "  0.61907537 0.58589767 0.56881907 0.59571798 0.67147478 0.6055334\n",
      "  0.53497739 0.46456168 0.59891685 0.50419547 0.56035018]\n",
